
 ПРОТОКОЛ №1            27-05-2018 09:37:20
 -------------------------------------------------------------------------------
 Оператор:   [ТЕСТ РУЧНОЙ №4]
 Мишень:     [1]
 -------------------------------------------------------------------------------
 Номер      Отметка      Область     Положение X   Положение Y    Cтатус
 пробоины   времени      попадания                                управления
 -------------------------------------------------------------------------------
   1	  00:00:09:9	 5	     265    	   -325	          1
   2	  00:00:10:9	 5	     480    	   -465	          1
   3	  00:00:11:6	 5	     360    	   -465	          1
   4	  00:00:12:5	 5	     355    	   -230	          1
   5	  00:00:13:5	 5	     370    	   -345	          1
   6	  00:00:14:3	 5	     320    	   -375	          1
   7	  00:00:15:0	 5	     225    	   -420	          1
   8	  00:00:15:6	 5	     380    	   -515	          1
   9	  00:00:16:3	 5	     465    	   -405	          1
   10	  00:00:16:8	 5	     525    	   -330	          1
   11	  00:00:17:5	 5	     325    	   -250	          1
   12	  00:00:18:0	 5	     235    	   -305	          1
   13	  00:00:18:6	 5	     220    	   -490	          1
   14	  00:00:19:1	 5	     325    	   -420	          1
   15	  00:00:19:8	 5	     310    	   -375	          1
   16	  00:00:20:3	 5	     325    	   -250	          1
   17	  00:00:20:9	 5	     240    	   -355	          1
   18	  00:00:21:4	 5	     295    	   -505	          1
   19	  00:00:22:0	 5	     320    	   -535	          1
   20	  00:00:22:5	 5	     250    	   -425	          1
   21	  00:00:23:2	 5	     535    	   -425	          1
   22	  00:00:23:9	 5	     280    	   -320	          1
   23	  00:00:24:6	 5	     215    	   -320	          1
   24	  00:00:25:3	 5	     110    	   -260	          1
   25	  00:00:25:9	 5	     325    	   -150	          1
   26	  00:00:26:5	 5	     480    	   -370	          1
   27	  00:00:26:9	 5	     605    	   -395	          1
   28	  00:00:27:4	 5	     605    	   -540	          1
   29	  00:00:27:9	 5	     515    	   -620	          1
   30	  00:00:28:2	 5	     230    	   -485	          1
   31	  00:00:28:4	 5	     150    	   -370	          1
   *	  00:00:00:0	 0	     0	           0	          0
   *	  00:00:00:0	 0	     0	           0	          0
   *	  00:00:00:0	 0	     0	           0	          0
   *	  00:00:00:0	 0	     0	           0	          0
   *	  00:00:00:0	 0	     0	           0	          0
   *	  00:00:00:0	 0	     0	           0	          0
   *	  00:00:00:0	 0	     0	           0	          0
   *	  00:00:00:0	 0	     0	           0	          0
   *	  00:00:00:0	 0	     0	           0	          0
   *	  00:00:00:0	 0	     0	           0	          0
   *	  00:00:00:0	 0	     0	           0	          0
   *	  00:00:00:0	 0	     0	           0	          0
   *	  00:00:00:0	 0	     0	           0	          0
   *	  00:00:00:0	 0	     0	           0	          0
   *	  00:00:00:0	 0	     0	           0	          0
   *	  00:00:00:0	 0	     0	           0	          0
   *	  00:00:00:0	 0	     0	           0	          0
   *	  00:00:00:0	 0	     0	           0	          0
   *	  00:00:00:0	 0	     0	           0	          0
   *	  00:00:00:0	 0	     0	           0	          0
   *	  00:00:00:0	 0	     0	           0	          0
   *	  00:00:00:0	 0	     0	           0	          0
   *	  00:00:00:0	 0	     0	           0	          0
   *	  00:00:00:0	 0	     0	           0	          0
   *	  00:00:00:0	 0	     0	           0	          0
   *	  00:00:00:0	 0	     0	           0	          0
   *	  00:00:00:0	 0	     0	           0	          0
   *	  00:00:00:0	 0	     0	           0	          0
   *	  00:00:00:0	 0	     0	           0	          0