
 ПРОТОКОЛ №3            27-05-2018 15:31:33
 -------------------------------------------------------------------------------
 Оператор:   [ТЕСТ РУЧНОЙ №4]
 Мишень:     [1]
 -------------------------------------------------------------------------------
 Номер      Отметка      Область     Положение X   Положение Y    Входит в
 пробоины   времени      попадания                                круг/прямоуг.
 -------------------------------------------------------------------------------
   1	  00:00:11:0	 3	     20    	   255	          0
   2	  00:00:11:5	 1	     -85    	   250	          0
   3	  00:00:11:9	 1	     -65    	   200	          0
   4	  00:00:12:4	 3	     55    	   200	          0
   5	  00:00:12:8	 1	     -95    	   260	          0
   6	  00:00:13:1	 1	     -60    	   315	          0
   7	  00:00:13:5	 3	     80    	   295	          0
   8	  00:00:13:9	 3	     5    	   255	          0
   9	  00:00:14:3	 1	     -75    	   220	          0
   10	  00:00:14:6	 1	     -15    	   205	          0
   11	  00:00:15:0	 1	     -10    	   310	          0
   12	  00:00:15:5	 1	     -40    	   315	          0
   13	  00:00:15:9	 2	     0    	   330	          0
   14	  00:00:16:3	 3	     25    	   255	          0
   15	  00:00:16:7	 1	     -35    	   235	          0
   16	  00:00:16:9	 1	     -50    	   345	          0
   17	  00:00:17:4	 3	     35    	   360	          0
   18	  00:00:17:7	 3	     60    	   290	          0
   19	  00:00:17:9	 3	     20    	   270	          0
   20	  00:00:18:2	 1	     -25    	   265	          0
   21	  00:00:18:8	 1	     -5    	   360	          0
   22	  00:00:19:2	 3	     25    	   400	          0
   23	  00:00:20:2	 2	     0    	   280	          0
   24	  00:00:20:5	 3	     40    	   305	          0
   25	  00:00:20:7	 3	     60    	   335	          0
   26	  00:19:06:4	 3	     15    	   350	          0
   27	  00:19:07:1	 1	     -95    	   360	          0
   28	  00:19:07:5	 1	     -120    	   425	          0
   29	  00:19:08:1	 3	     150    	   350	          0
   30	  00:19:08:5	 1	     -80    	   360	          0
   31	  00:19:08:7	 1	     -75    	   425	          0
   32	  00:19:09:1	 3	     25    	   485	          0
   33	  00:19:09:7	 1	     -30    	   310	          0
   34	  00:19:10:0	 1	     -35    	   355	          0
   35	  00:19:10:4	 1	     -5    	   375	          0
   36	  00:19:10:7	 3	     25    	   400	          0
   37	  00:19:11:0	 3	     5    	   400	          0
   38	  00:19:11:8	 1	     -20    	   375	          0
   39	  00:19:12:2	 1	     -80    	   370	          0
   40	  00:19:13:0	 1	     -45    	   305	          0
   41	  00:19:13:7	 1	     -30    	   330	          0
   42	  00:19:14:9	 3	     5    	   315	          0
   43	  00:19:15:7	 3	     5    	   315	          0
   44	  00:19:16:2	 1	     -110    	   330	          0
   45	  00:19:16:9	 1	     -105    	   350	          0
   46	  00:19:17:5	 1	     -135    	   350	          0
   47	  00:19:18:1	 1	     -180    	   360	          0
   48	  00:19:19:0	 3	     140    	   355	          0
   49	  00:19:19:5	 2	     0    	   320	          0
   50	  00:19:19:9	 1	     -105    	   355	          0
   51	  00:19:20:4	 3	     35    	   375	          0
   52	  00:19:21:0	 1	     -75    	   345	          0
   53	  00:19:21:5	 3	     20    	   360	          0
   54	  00:19:21:9	 1	     -95    	   350	          0
   55	  00:19:22:2	 1	     -45    	   330	          0
   56	  00:19:22:5	 3	     30    	   350	          0
   57	  00:19:23:0	 3	     35    	   355	          0
   58	  00:19:23:4	 3	     85    	   440	          0
   59	  00:19:23:8	 1	     -85    	   355	          0
   60	  00:19:24:4	 1	     -20    	   300	          0
 -------------------------------------------------------------------------------
 Номер испытания = 5
 Выстрелов в испытании = 60

 Всего пробоин=60
 Хстп=-18
 Yстп=328
 Rстп=328
 Отклонение от КТ=188

  
 итог: ГОДЕН