
 ПРОТОКОЛ №6            28-05-2018 14:14:54
 -------------------------------------------------------------------------------
 Оператор:   [ТЕСТ РУЧНОЙ №4]
 Мишень:     [1]
 -------------------------------------------------------------------------------
 Номер      Отметка      Область     Положение X   Положение Y    Входит в
 пробоины   времени      попадания                                круг/прямоуг.
 -------------------------------------------------------------------------------
   1	  00:00:04:0	 5	     470    	   -600	          0
   2	  00:00:04:7	 7	     -465    	   -595	          0
   3	  00:00:05:4	 1	     -540    	   465	          0
   4	  00:00:05:8	 3	     155    	   575	          0
   5	  00:00:06:2	 5	     470    	   -165	          0
   6	  00:00:06:6	 5	     325    	   -575	          0
   7	  00:00:06:9	 7	     -555    	   -515	          0
   8	  00:00:07:1	 7	     -585    	   -385	          0
   9	  00:00:07:4	 1	     -585    	   395	          0
   10	  00:00:07:7	 1	     -405    	   505	          0
   11	  00:00:08:0	 3	     60    	   180	          0
   12	  00:00:08:2	 5	     475    	   -390	          0
   13	  00:00:08:4	 5	     285    	   -645	          0
   14	  00:00:08:7	 7	     -585    	   -555	          0
   15	  00:00:08:9	 7	     -660    	   -260	          0
   16	  00:00:09:2	 1	     -350    	   245	          0
   17	  00:00:09:5	 5	     310    	   -245	          0
   18	  00:06:24:7	 5	     415    	   -555	          0
   19	  00:06:25:1	 7	     -425    	   -470	          0
   20	  00:06:25:4	 7	     -575    	   -365	          0
   21	  00:06:25:8	 7	     -585    	   -205	          0
   22	  00:06:26:0	 7	     -205    	   -155	          0
   23	  00:06:26:4	 5	     190    	   -200	          0
   24	  00:06:27:1	 1	     -180    	   75	          0
   25	  00:06:27:4	 3	     155    	   125	          0
   26	  00:06:27:7	 3	     240    	   105	          0
   27	  00:06:28:1	 1	     -270    	   255	          0
   28	  00:06:28:3	 1	     -285    	   300	          0
   29	  00:06:28:6	 3	     145    	   215	          0
   30	  00:06:29:0	 5	     400    	   -120	          0
   31	  00:06:29:3	 5	     370    	   -240	          0
   32	  00:06:29:6	 7	     -150    	   -220	          0
   33	  00:06:29:8	 7	     -180    	   -150	          0
   34	  00:06:30:2	 5	     295    	   -180	          0
   35	  00:06:30:5	 5	     390    	   -310	          0
   36	  00:06:30:8	 5	     270    	   -385	          0
   37	  00:06:31:3	 3	     210    	   80	          0
   38	  00:06:31:7	 1	     -280    	   275	          0
   39	  00:06:31:9	 1	     -405    	   125	          0
   40	  00:06:32:1	 7	     -555    	   -40	          0
   41	  00:06:32:4	 5	     50    	   -200	          0
   42	  00:06:32:7	 5	     505    	   -250	          0
   43	  00:06:33:0	 7	     -260    	   -300	          0
   44	  00:06:33:2	 7	     -300    	   -155	          0
   45	  00:06:33:4	 1	     -260    	   120	          0
   46	  00:06:33:6	 1	     -165    	   230	          0
   47	  00:06:33:9	 3	     360    	   85	          0
   48	  00:06:34:0	 5	     470    	   -295	          0
   49	  00:06:34:4	 7	     -160    	   -185	          0
   50	  00:06:34:6	 7	     -180    	   -125	          0
   51	  00:06:34:8	 5	     400    	   -245	          0
   52	  00:06:35:1	 5	     390    	   -350	          0
   53	  00:06:35:4	 7	     -280    	   -295	          0
   54	  00:06:35:5	 7	     -400    	   -20	          0
   55	  00:06:35:7	 1	     -405    	   170	          0
   56	  00:06:35:9	 1	     -315    	   250	          0
   57	  00:06:36:3	 3	     265    	   200	          0
   58	  00:06:36:6	 1	     -395    	   150	          0
   59	  00:06:36:8	 5	     50    	   -35	          0
   60	  00:06:37:1	 5	     145    	   -260	          0
 -------------------------------------------------------------------------------
 Номер испытания = 5
 Выстрелов в испытании = 60

 Всего пробоин=60
 Хстп=-6
 Yстп=-10
 Rстп=11
 Отклонение от КТ=141

  
 итог: ГОДЕН