
 ПРОТОКОЛ №8            28-05-2018 11:20:09
 -------------------------------------------------------------------------------
 Оператор:   [ТЕСТ РУЧНОЙ №4]
 Мишень:     [1]
 -------------------------------------------------------------------------------
 Номер      Отметка      Область     Положение X   Положение Y    Входит в
 пробоины   времени      попадания                                круг/прямоуг.
 -------------------------------------------------------------------------------
   1	  00:00:02:5	 2	     0    	   145	          0
   2	  00:00:02:6	 2	     0    	   145	          0
   3	  00:00:02:8	 2	     0    	   145	          0
   4	  00:00:03:0	 2	     0    	   145	          0
   5	  00:00:03:3	 2	     0    	   145	          0
   6	  00:00:03:5	 2	     0    	   145	          0
   7	  00:00:03:7	 2	     0    	   145	          0
   8	  00:00:03:9	 2	     0    	   145	          0
   9	  00:00:04:0	 2	     0    	   145	          0
   10	  00:00:04:3	 2	     0    	   145	          0
   11	  00:00:04:4	 2	     0    	   145	          0
   12	  00:00:04:6	 2	     0    	   145	          0
   13	  00:00:04:8	 2	     0    	   145	          0
   14	  00:00:04:9	 2	     0    	   145	          0
   15	  00:00:05:1	 2	     0    	   145	          0
   16	  00:00:05:3	 2	     0    	   145	          0
   17	  00:00:05:5	 2	     0    	   145	          0
   18	  00:00:05:6	 2	     0    	   145	          0
   19	  00:00:05:8	 2	     0    	   145	          0
   20	  00:00:05:9	 2	     0    	   145	          0
   21	  00:00:06:1	 2	     0    	   145	          0
   22	  00:00:06:2	 2	     0    	   145	          0
   23	  00:00:06:4	 2	     0    	   145	          0
   24	  00:00:06:5	 2	     0    	   145	          0
   25	  00:00:06:9	 2	     0    	   145	          0
   26	  00:00:07:0	 2	     0    	   145	          0
   27	  00:00:07:2	 2	     0    	   145	          0
   28	  00:00:07:4	 2	     0    	   145	          0
   29	  00:00:07:5	 2	     0    	   145	          0
   30	  00:00:07:6	 2	     0    	   145	          0
   31	  00:00:07:9	 2	     0    	   145	          0
   32	  00:00:08:0	 2	     0    	   145	          0
   33	  00:00:08:2	 2	     0    	   145	          0
   34	  00:00:08:4	 2	     0    	   145	          0
   35	  00:00:08:5	 2	     0    	   145	          0
   36	  00:00:08:7	 2	     0    	   145	          0
   37	  00:00:09:0	 2	     0    	   145	          0
   38	  00:00:09:3	 2	     0    	   145	          0
   39	  00:00:09:5	 2	     0    	   145	          0
   40	  00:00:09:7	 2	     0    	   145	          0
   41	  00:00:10:0	 2	     0    	   145	          0
   42	  00:00:10:3	 2	     0    	   145	          0
   43	  00:00:10:5	 2	     0    	   145	          0
   44	  00:00:10:7	 2	     0    	   145	          0
   45	  00:00:10:8	 2	     0    	   145	          0
   46	  00:00:11:0	 2	     0    	   145	          0
   47	  00:00:11:4	 2	     0    	   145	          0
   48	  00:00:11:6	 2	     0    	   145	          0
   49	  00:00:11:8	 2	     0    	   145	          0
   50	  00:00:11:9	 2	     0    	   145	          0
   51	  00:00:12:1	 2	     0    	   145	          0
   52	  00:00:12:3	 2	     0    	   145	          0
   53	  00:00:12:5	 2	     0    	   145	          0
   54	  00:00:12:7	 2	     0    	   145	          0
   55	  00:00:12:9	 2	     0    	   145	          0
   56	  00:00:54:5	 1	     -40    	   195	          0
   57	  00:00:54:9	 3	     25    	   220	          0
   58	  00:00:55:2	 1	     -15    	   135	          0
   59	  00:00:55:5	 1	     -65    	   180	          0
   60	  00:00:55:8	 3	     70    	   215	          0
 -------------------------------------------------------------------------------
 Номер испытания = 5
 Выстрелов в испытании = 60

 Всего пробоин=60
 Хстп=0
 Yстп=148
 Rстп=148
 Отклонение от КТ=8

  
 итог: ГОДЕН